[{"R": [[1.0, 0.0, 0.0], [0.0, 1.0, 0.0], [0.0, 0.0, 1.0]], "t": [0.0, 0.0, 0.0]}, {"R": [[0.6069149192248445, -0.24917822959822633, 0.7546949653446712], [0.2202880691567649, 0.9651169176556244, 0.1415008898985826], [-0.7636278199551697, 0.08037129555506742, 0.6406348471955886]], "t": [-0.8934835179219283, -0.1280220878944222, 0.4304620171548339]}, {"R": [[-0.28644448074472434, -0.2970362230031535, 0.9108891489500279], [0.2672446906939966, 0.8882230293256081, 0.37368452666856633], [-0.9200705596565708, 0.35047015907158335, -0.17504523087928914]], "t": [-1.1960296182685013, -0.3999030258303883, 1.3439972451302746]}, {"R": [[-0.9960685818021031, -0.03995267023225374, 0.07906430603034524], [0.02012474476888028, 0.7671271095773328, 0.6411793761495408], [-0.08626920073082127, 0.6402497808612195, -0.763307174807381]], "t": [-0.4945027833759963, -0.6358191682004208, 2.0164581538044866]}, {"R": [[-0.2746754741002009, 0.2759540149529628, -0.9210878164209806], [-0.3359393154771235, 0.8700244979032705, 0.3608353493837921], [0.9009429284058961, 0.408542231206887, -0.1462705885539075]], "t": [0.3214372279605292, -0.43156808623728804, 1.4756038356955892]}, {"R": [[0.6903684879671628, 0.22959107139409052, -0.6860607048636777], [-0.2172719558797955, 0.9703291858872148, 0.10608566445860027], [0.6900610465821855, 0.07582355143072636, 0.7197683940256968]], "t": [0.04482072144889304, -0.09532794267561306, 0.5753672700180328]}]