[{"R": [[1.0, 0.0, 0.0], [0.0, 1.0, 0.0], [0.0, 0.0, 1.0]], "t": [0.0, 0.0, 0.0]}, {"R": [[0.6069149192248445, -0.24917822959822633, 0.7546949653446712], [0.2202880691567649, 0.9651169176556244, 0.1415008898985826], [-0.7636278199551697, 0.08037129555506742, 0.6406348471955886]], "t": [-0.8934835179219283, -0.1280220878944222, 0.4304620171548339]}, {"R": [[-0.28644448074472434, -0.2970362230031535, 0.9108891489500279], [0.2672446906939966, 0.8882230293256081, 0.37368452666856633], [-0.9200705596565708, 0.35047015907158335, -0.17504523087928914]], "t": [-1.1960296182685013, -0.3999030258303883, 1.3439972451302746]}, {"R": [[-0.9968692979826238, -0.028211452188233826, 0.0738628235654544], [0.026112197869367654, 0.7642975476279984, 0.6443348600008068], [-0.07463079700808131, 0.6442463602188676, -0.7611680967320421]], "t": [-0.4550766362435231, -0.6120985685861475, 1.9811485066552605]}, {"R": [[-0.3015774755639136, 0.27604945459077723, -0.9126049116965298], [-0.33434734142181877, 0.8657672011034425, 0.372369451993143], [0.8928957842417323, 0.41742526530343876, -0.16879948569144163]], "t": [0.3539610580646536, -0.40816242246213663, 1.4299062210016698]}, {"R": [[0.6697526120894814, 0.23807992886800314, -0.7033842378597366], [-0.22342104631184564, 0.9679280760041341, 0.11488374884140899], [0.7081768667954607, 0.08020715150871736, 0.701464424032054]], "t": [0.10445157616459833, -0.06677006586111944, 0.523707414284088]}]