[{"R": [[1.0, 0.0, 0.0], [0.0, 1.0, 0.0], [0.0, 0.0, 1.0]], "t": [0.0, 0.0, 0.0]}, {"R": [[0.6069149192248445, -0.24917822959822633, 0.7546949653446712], [0.2202880691567649, 0.9651169176556244, 0.1415008898985826], [-0.7636278199551697, 0.08037129555506742, 0.6406348471955886]], "t": [-0.8934835179219283, -0.1280220878944222, 0.4304620171548339]}, {"R": [[0.38764652624933715, -0.24929501771945345, 0.8874582608929161], [-0.2550301771368381, -0.954162114975822, -0.15663418239458315], [0.8858271724418795, -0.1656099407799055, -0.4334553818774212]], "t": [-0.5909374175753552, 0.14385885004154386, -0.48307321082060695]}, {"R": [[0.5748830451509735, -0.2271362043940693, 0.786078004431748], [0.3031672629876557, 0.9514509159050338, 0.05320493657589981], [-0.7599994046382653, 0.20772650114255387, 0.6158332612587235]], "t": [-0.6785895284674283, -0.18730672018585776, 0.4564194568208835]}, {"R": [[-0.694082018122333, -0.22118316130741572, 0.6850752960611602], [0.22317043362481712, 0.8386403112734468, 0.49686757376879226], [-0.684430500251808, 0.49775539922860956, -0.5327236177079318]], "t": [-0.5879804334384399, -0.5973506532673908, 1.3639732926020205]}, {"R": [[-0.9719751566403599, 0.059801556312729306, -0.22735010168575373], [-0.07294229467911943, 0.8426523995234879, 0.5334944753455764], [0.22348090862731818, 0.5351268143532728, -0.8146751352773844]], "t": [0.3820316579863954, -0.6614234493127726, 1.5984327118978623]}]