[{"R": [[1.0, 0.0, 0.0], [0.0, 1.0, 0.0], [0.0, 0.0, 1.0]], "t": [0.0, 0.0, 0.0]}, {"R": [[0.5007458105817315, -0.2646792753658503, 0.8241350097991549], [0.226720013439815, 0.9589686165694076, 0.17022698946056275], [-0.8353751664316427, 0.10160744867756909, 0.5402076060946757]], "t": [-0.7573952409546294, -0.11266180435744243, 0.4588199589342035]}, {"R": [[0.432465541614045, -0.2987413217283584, 0.8507215631500498], [-0.24131302220339584, -0.9474456101110523, -0.210035333209342], [0.868758643485942, -0.11445714732287113, -0.48182775012983253]], "t": [-0.54698272061578, 0.17011953890234222, -0.28824468768437583]}, {"R": [[0.5666050690843605, -0.24337956209911255, 0.787226196490152], [0.2961340949004749, 0.9516983218962228, 0.08108576901892188], [-0.7689364691087189, 0.18718090942282983, 0.6113100797649739]], "t": [-0.6307253423969937, -0.1432975130223261, 0.48057907775574493]}, {"R": [[-0.6138660319797967, -0.3031759210517726, 0.7288709458304593], [0.24535885125272194, 0.8043037424019864, 0.5411973060447582], [-0.7503116211903716, 0.5110575807602978, -0.41934785113805917]], "t": [-0.5200146845432377, -0.5126936936809349, 1.5050727695626724]}, {"R": [[-0.9671531066789568, 0.07081582979512972, -0.24413108464853475], [-0.0947289941198416, 0.7908189819745898, 0.6046749171428537], [0.2358840518438791, 0.6079395167276932, -0.7581347229131598]], "t": [0.21353741238128907, -0.5261974180301225, 1.7610372551622846]}]