[{"R": [[1.0, 0.0, 0.0], [0.0, 1.0, 0.0], [0.0, 0.0, 1.0]], "t": [0.0, 0.0, 0.0]}, {"R": [[0.6208032236016792, -0.24284012740480168, 0.745407291410396], [0.23162463477802783, 0.9651837219133413, 0.12153358185067488], [-0.7489682143654086, 0.09720625224505446, 0.6554369217512559]], "t": [0.7289174271248966, 0.11958351296702364, -0.5311705627794062]}, {"R": [[-0.21824254515540065, -0.3028821896289934, 0.9277028461148749], [0.2961084631716592, 0.8852498700053257, 0.35868153798832736], [-0.9298870735321634, 0.35298023579387594, -0.10351320503534156]], "t": [0.9419901709727989, 0.33863665075244764, -1.3809307434767564]}, {"R": [[-0.9695035136179828, -0.0682879374837366, 0.2353713973204968], [0.09407651348345938, 0.7831222089280401, 0.614710676248968], [-0.22630189281838184, 0.6181070809155031, -0.7528154420765645]], "t": [0.26271746816138347, 0.673738671222955, -1.9829793155783975]}, {"R": [[-0.31296981287278053, 0.35538117812758446, -0.8807690471758342], [-0.3283023237307053, 0.8297115960254284, 0.4514379820683626], [0.8912168537810513, 0.4304449856295066, -0.1430022163570127]], "t": [-0.8343132075988535, 0.48760733059016376, -1.5557531814249184]}, {"R": [[0.8616304901719651, 0.26418224718429495, -0.4333597104931137], [-0.24572929199108495, 0.9642446230926076, 0.09924425371050621], [0.4440833406733238, 0.020977299865600034, 0.8957398837981758]], "t": [-0.40218942816267883, 0.09793621302156355, -0.6726849853036935]}]