[{"R": [[1.0, 0.0, 0.0], [0.0, 1.0, 0.0], [0.0, 0.0, 1.0]], "t": [0.0, 0.0, 0.0]}, {"R": [[0.5865635035022014, -0.2341758014303193, 0.7753095835752906], [0.21710361714119397, 0.967714772967699, 0.1280395938929999], [-0.7802623121639496, 0.09321916221755133, 0.6184665811602312]], "t": [-0.8096945934080035, -0.12284036037312937, 0.45318368958604394]}, {"R": [[-0.2338297361931011, -0.28868398191671085, 0.9284315877093888], [0.2827505215755166, 0.8934425339179465, 0.34901659148964853], [-0.9302557696787684, 0.34412497318705465, -0.12728788555228243]], "t": [-1.0338809398886668, -0.329600492154924, 1.363196012731769]}, {"R": [[-0.9806739290081693, -0.05110485070071821, 0.18885692785422922], [0.08419523228896392, 0.7610955541951284, 0.6431521750287549], [-0.17660636405149063, 0.6466234233456657, -0.7420837827073467]], "t": [-0.3699265084892099, -0.605804938854839, 2.041890963899393]}, {"R": [[-0.2657955374424584, 0.41186141778091756, -0.8716208492338668], [-0.3376850378750377, 0.8070829285827986, 0.4843407494580109], [0.9029515753743438, 0.42306892929368584, -0.07543960230068225]], "t": [0.610378633780329, -0.4049124729058038, 1.5554533286145866]}, {"R": [[0.7823447501334353, 0.3467189864316393, -0.5174192075932911], [-0.3147925241493155, 0.9369331116807813, 0.15186181539765387], [0.5374405629261296, 0.04407140437954342, 0.8421492460589509]], "t": [0.22712452112217418, -0.05337269392858764, 0.6875925561977788]}]