[{"R": [[1.0, 0.0, 0.0], [0.0, 1.0, 0.0], [0.0, 0.0, 1.0]], "t": [0.0, 0.0, 0.0]}, {"R": [[0.6214530839698326, -0.2425359835860876, 0.7449646710350183], [0.23173794419666724, 0.9652322159682889, 0.12093094920841593], [-0.7483940069534806, 0.09748367003183236, 0.6560513275904853]], "t": [-0.728359179549961, -0.12022266206493157, 0.5324966912053949]}, {"R": [[-0.2180427375201559, -0.3032094370101574, 0.9276429280292603], [0.29594482059828625, 0.8852147244649269, 0.358903266565702], [-0.9299860363337528, 0.3527873706618004, -0.10328137937580473]], "t": [-0.9423293098994207, -0.3383473662887979, 1.3813048075916319]}, {"R": [[-0.9694285322674733, -0.0683390534055912, 0.23566521721577957], [0.0942303065450716, 0.783103204109118, 0.6147113314739328], [-0.22655897720936738, 0.6181255094992126, -0.7527229798220488]], "t": [-0.262307169266911, -0.6741205872260303, 1.9836716218633723]}, {"R": [[-0.31355897720279446, 0.35518810873810497, -0.8806373687429949], [-0.328031645580287, 0.8297954306678277, 0.451480655998331], [0.8911094249941622, 0.43044273794994203, -0.14367686672784602]], "t": [0.8341256833859992, -0.4872114888083059, 1.5561676886167655]}, {"R": [[0.860448037032798, 0.26406287820829655, -0.43577513917013977], [-0.2453131469134856, 0.9642788057334264, 0.09993920534364553], [0.4465989649761931, 0.0209088776759316, 0.8944899011819674]], "t": [0.40484087861016876, -0.09790255005948302, 0.6684799185702263]}]