[{"R": [[1.0, 0.0, 0.0], [0.0, 1.0, 0.0], [0.0, 0.0, 1.0]], "t": [0.0, 0.0, 0.0]}, {"R": [[0.5624999501607623, -0.1532630340604789, 0.8124679984219174], [0.20846266133016209, 0.9772114371289401, 0.0400140722188834], [-0.8000856984725364, 0.14686132756777176, 0.5816310046453382]], "t": [-0.7513646685104455, -0.165709216728898, 0.4054481970070615]}, {"R": [[-0.18214325207202003, -0.2361429268070029, 0.9544948160381233], [0.3092857354399677, 0.907701072386323, 0.28358613690037315], [-0.9333628284745363, 0.34686493236956273, -0.09229598644725473]], "t": [-1.043967111333845, -0.4209179794513057, 1.3557949165336187]}, {"R": [[-0.9727888800759863, -0.059165728561392086, 0.2240116322075884], [0.10147759908203678, 0.760377374180071, 0.6415049070112916], [-0.208288481882829, 0.6467810026576385, -0.7336826581814009]], "t": [-0.383320747790979, -0.5677881469231191, 2.0149008107118154]}, {"R": [[-0.30051083965379366, 0.2939991757958947, -0.907335505687894], [-0.34668938781063247, 0.8525643826795171, 0.39107600510103235], [0.8885379584632616, 0.4320861696671492, -0.1542784442244307]], "t": [0.5824717894432063, -0.5878290044128692, 1.571012309247438]}, {"R": [[0.7628351262263459, 0.23289695929228188, -0.6031928187135888], [-0.3060405145294401, 0.9518180584070017, -0.01953425598483763], [0.5695803487321088, 0.19950285722950134, 0.7973561539835725]], "t": [0.2911438780971057, -0.2933927547518268, 0.7022250987087846]}]