[{"R": [[1.0, 0.0, 0.0], [0.0, 1.0, 0.0], [0.0, 0.0, 1.0]], "t": [0.0, 0.0, 0.0]}, {"R": [[0.6902037465419419, -0.23500776934981285, 0.6843903393566364], [0.23612473926782404, 0.9671676265736502, 0.09397813369925272], [-0.6840057717338128, 0.09673743046575962, 0.7230338676588487]], "t": [-0.7880824810275425, -0.10877123520564218, 0.492349758813064]}, {"R": [[-0.2177118288689205, -0.2744208400529589, 0.936640145474866], [0.3162536811664351, 0.8880494104868675, 0.33369425179736895], [-0.9233553859263662, 0.36886507977654287, -0.10655226042752891]], "t": [-1.103886851489447, -0.37966286069749133, 1.3940259053322228]}, {"R": [[-0.9812357379215031, -0.04483817405517089, 0.18752590427202664], [0.07943999040933786, 0.792186034386724, 0.6050872456484274], [-0.17568640968898935, 0.6086302860275968, -0.7737593039056514]], "t": [-0.23329047916720666, -0.7458095435953723, 1.9484435162737672]}, {"R": [[-0.4179216400934614, 0.26035575158147156, -0.8703771512166655], [-0.315205585898194, 0.8569867256765662, 0.40769987813676645], [0.8520486731168398, 0.4447343416384718, -0.27608771071387356]], "t": [0.9668551186260944, -0.500108736926815, 1.5500548640969594]}, {"R": [[0.7659473070652012, 0.2523035014731977, -0.5913270380626363], [-0.24901990678738195, 0.9644067767308802, 0.08893061913175798], [0.5927173093669276, 0.07913603565960528, 0.8015133679714341]], "t": [0.6469648112357508, -0.10339503993662286, 0.5018240091775719]}]