[
  {
    "R": [
      [1, 0, 0],
      [0, 1, 0],
      [0, 0, 1]
    ],
    "t": [0, 0, 0]
  },
  {
    "R": [
      [0.62042014, -0.24472754, 0.7451089],
      [0.22855983, 0.96524747, 0.12671909],
      [-0.75022613, 0.09168289, 0.65479386]
    ],
    "t": [-0.91619173, -0.129876, 0.37911073]
  },
  {
    "R": [
      [-0.25419017, -0.29336471, 0.92158803],
      [0.28798725, 0.88670306, 0.36169188],
      [-0.92328257, 0.35734412, -0.14090591]
    ],
    "t": [-1.14445175, -0.39646176, 1.31550242]
  },
  {
    "R": [
      [-0.96866866, -0.23492553, 0.08056686],
      [-0.17546934, 0.87694883, 0.44740504],
      [-0.17575988, 0.41925023, -0.89069507]
    ],
    "t": [-0.33709264, -0.58863454, 1.87339209]
  },
  {
    "R": [
      [-0.27652263, -0.0462341, -0.9598946],
      [-0.50385497, 0.85752337, 0.10384523],
      [0.81833087, 0.51236322, -0.2604199]
    ],
    "t": [0.4889213, -0.37291072, 1.35265779]
  },
  {
    "R": [
      [0.60970856, 0.12309337, -0.78300925],
      [-0.40245386, 0.89913065, -0.17203187],
      [0.68285164, 0.4200144, 0.59774706]
    ],
    "t": [0.14733356, -0.04506555, 0.47184262]
  }
]
