[{"R": [[1.0, 0.0, 0.0], [0.0, 1.0, 0.0], [0.0, 0.0, 1.0]], "t": [0.0, 0.0, 0.0]}, {"R": [[0.5819069101029267, -0.22522311923011548, 0.7814466677507311], [0.21466388219562052, 0.9693464057165655, 0.11952808626042843], [-0.7844130070665384, 0.09819415608188117, 0.6124166409040482]], "t": [-0.7982014639119646, -0.13017343031579334, 0.45045216052699283]}, {"R": [[-0.23125398552646625, -0.29089761818165427, 0.9283857872212206], [0.2832852992624214, 0.8927697916589578, 0.3503020672548503], [-0.9307368228451721, 0.3440067947547865, -0.1240495536574514]], "t": [-1.0119577364107837, -0.3177406628275524, 1.3645856043511406]}, {"R": [[-0.9834615759840064, -0.039648122601637414, 0.17672395122681975], [0.08513278645860728, 0.7600400920613848, 0.6442759246853126], [-0.1598616190110904, 0.6486656186614849, -0.744094871594789]], "t": [-0.3371130683958228, -0.5915125969998105, 2.0051694468903567]}, {"R": [[-0.2927581539681357, 0.396630622280503, -0.8700441441412902], [-0.3347156565590194, 0.8098309608004066, 0.48180830646986017], [0.8956886136037644, 0.4322707073102121, -0.10432613796213769]], "t": [0.6338494811337254, -0.3963686557081337, 1.5102103053180205]}, {"R": [[0.7801154857828888, 0.3423650128474741, -0.5236468531555178], [-0.31803551484735404, 0.9377847678629335, 0.13933104628919749], [0.5387701180814559, 0.05784398968097643, 0.8404646528678533]], "t": [0.3082337885958059, -0.05199338742082473, 0.6475554130205203]}]