[{"R": [[1.0, 0.0, 0.0], [0.0, 1.0, 0.0], [0.0, 0.0, 1.0]], "t": [0.0, 0.0, 0.0]}, {"R": [[0.586565432464367, -0.23417301556595493, 0.77530896565088], [0.2171017612076262, 0.9677154928287243, 0.12803730011135972], [-0.7802613784613701, 0.09321868761147936, 0.6184678306602183]], "t": [-0.8096965868770366, -0.1228411586549478, 0.4531873873911252]}, {"R": [[-0.2338374315519668, -0.2886952805080761, 0.9284261363283254], [0.28274022785495595, 0.8934410241819134, 0.34902879517498414], [-0.9302569640468737, 0.34411941433336296, -0.12729418494635325]], "t": [-1.033887077152795, -0.32961032273506197, 1.3632065667218103]}, {"R": [[-0.98067424609667, -0.05110157138168084, 0.18885616867090024], [0.08419766716220761, 0.7610938530832081, 0.6431538693371893], [-0.1766034424556063, 0.6466256847676864, -0.7420825074825241]], "t": [-0.3699297470475731, -0.6058102038459026, 2.041889756216159]}, {"R": [[-0.26580059416630847, 0.4118672398398728, -0.8716165561114144], [-0.33768618646379794, 0.8070778386174384, 0.48434843024845387], [0.9029496572967812, 0.42307297143553024, -0.07543989149207803]], "t": [0.6103789656144087, -0.4049136765710016, 1.5554543118914836]}, {"R": [[0.7823390724542277, 0.3467139085893314, -0.5174311947516957], [-0.3147875671044905, 0.9369348718485097, 0.1518612310981729], [0.5374517311423365, 0.044073932260754435, 0.8421419863581081]], "t": [0.22711997381921661, -0.05337136807843522, 0.6875907703286053]}]