[{"R": [[0.288650024176869, -0.008128257388044487, -0.9574001749396782], [-0.008128257388044487, 0.9999071222739695, -0.010939755830122395], [0.9574001749396782, 0.010939755830122395, 0.2885571464508385]], "t": [1.851969391164215, -0.25509579313483494, -0.612011942833258]}, {"R": [[-0.18364270915725847, -0.021783528117348707, -0.9827516640922787], [-0.154227221724225, 0.9880111750315099, 0.006919688727224285], [0.9708188911700314, 0.15283780918220335, -0.18480066188132302]], "t": [2.114482012291238, -0.2101339032601856, 0.35181575779253593]}]