[{"R": [[1.0, 0.0, 0.0], [0.0, 1.0, 0.0], [0.0, 0.0, 1.0]], "t": [0.0, 0.0, 0.0]}, {"R": [[0.6078881108144664, -0.2358429167350327, 0.758188738610863], [0.22954418262101792, 0.9662963408432205, 0.11653690358788325], [-0.7601194070376496, 0.1031964161146852, 0.6415364266710168]], "t": [-1.2312145233605047, -0.17021598476370634, 0.5620244608870003]}, {"R": [[-0.23055978475986372, -0.28884038206508067, 0.9292004193606369], [0.29066379340378024, 0.8908857090378663, 0.3490518767120764], [-0.9286316518704334, 0.350562244288509, -0.12144697618217548]], "t": [-1.5386729130749404, -0.5407815534734254, 1.7261185059330595]}, {"R": [[-0.9854952577043106, -0.051559633280110845, 0.1616808623750368], [0.06382288899685643, 0.7701777002945098, 0.6346281973007154], [-0.15724419188768166, 0.6357420185775683, -0.755715786478296]], "t": [-0.2876291277802767, -1.0864716062153024, 2.6215474748923024]}, {"R": [[-0.3419288194011272, 0.2774931758877302, -0.8978208172005662], [-0.314052343092653, 0.8667314825400869, 0.38748891980529887], [0.8856950989256775, 0.41445636019924226, -0.20921309048295722]], "t": [1.4164367055279476, -0.6501763421381206, 1.843190024367877]}, {"R": [[0.6034319576138274, 0.23683090307103385, -0.7614335137626284], [-0.22377029470035134, 0.9668022309786938, 0.12337058557183878], [0.7653735870410358, 0.09594044780580849, 0.6363950838392445]], "t": [1.207868828181692, -0.1788728789665958, 0.6199097750359427]}]