[{"R": [[1.0, 0.0, 0.0], [0.0, 1.0, 0.0], [0.0, 0.0, 1.0]], "t": [0.0, 0.0, 0.0]}, {"R": [[0.607312690350909, -0.2361688724280648, 0.7585483239944554], [0.2299942972548741, 0.9661729728573554, 0.11667223213008572], [-0.7604432387555152, 0.1036052615267992, 0.6410866013379051]], "t": [-1.4804056271577073, -0.20479751905344812, 0.6763830853361693]}, {"R": [[-0.23136814069582268, -0.2891081084546857, 0.9289161884135252], [0.29046878523082653, 0.8907439172252064, 0.34957568384088566], [-0.9284916091583629, 0.3507018328324627, -0.1221128829012953]], "t": [-1.848665272088005, -0.6508632136743308, 2.075446691339804]}, {"R": [[-0.9856325401275589, -0.05131071418960708, 0.16092142943389828], [0.06354825922610673, 0.7700808146183556, 0.6347733120619216], [-0.1564931774584061, 0.6358795086854762, -0.7557560028493916]], "t": [-0.34418458234996097, -1.3059335933552565, 3.1506190715854263]}, {"R": [[-0.3407141489541782, 0.27792454212053275, -0.89814910654608], [-0.3141818408191893, 0.8667299001304892, 0.38738746897551757], [0.886117170357225, 0.41417053143226423, -0.20798829604384028]], "t": [1.7028342809123465, -0.7812083728661783, 2.212761972714325]}, {"R": [[0.6038418273335212, 0.23690812406806855, -0.7610844817187267], [-0.22360703436651108, 0.9668184567017022, 0.12353932961916603], [0.7650979948636175, 0.09558562931470216, 0.6367797466347249]], "t": [1.4509513145684965, -0.21531245566012347, 0.7444882157966775]}]