[{"R": [[0.9999838804034051, -0.0045627215052918045, 0.003379423887813746], [-0.0045627215052918045, -0.2914980478764879, 0.9565605415532578], [-0.003379423887813746, -0.9565605415532578, -0.2915141674730828]], "t": [0.015434066692126937, -1.8446539075614805, 0.8130497726757272]}, {"R": [[0.6036836407427775, -0.2402233175864941, 0.7601702569735832], [-0.7972238836297101, -0.18145525763199205, 0.575767373900319], [-0.00037585889307887693, -0.9536072289813273, -0.30105333674391765]], "t": [-1.46172747772376, -1.1311997815492356, 0.8167786645356794]}, {"R": [[-0.2358275060313428, -0.2919824944240623, 0.9268935269754233], [-0.971773851956828, 0.0771365418927374, -0.22294738069288716], [-0.006400629033626691, -0.9533080178277809, -0.30193187160888046]], "t": [-1.82321788394882, 0.3387968044851663, 0.8368651500455175]}, {"R": [[-0.9864354619197989, -0.05267464497384219, 0.15546852171405423], [-0.16372222530220673, 0.3840143095214971, -0.9086957923446226], [-0.011836908767373184, -0.9218234060055145, -0.3874293428887717]], "t": [-0.31213907889840997, 1.5513514892973597, 1.1449673678895915]}, {"R": [[-0.3362805670049579, 0.27536507272197586, -0.9006050504964118], [0.9407626974081731, 0.14226102163284457, -0.30777808383521565], [0.043369660133804736, -0.9507554251482344, -0.3068928056033214]], "t": [1.7292831955144243, 0.4919380404683809, 0.909516813752722]}, {"R": [[0.6074379407116567, 0.23281600619961046, -0.759483940212856], [0.7942884042259729, -0.19147319722998823, 0.5765795224031838], [-0.011183876614996683, -0.953485564652024, -0.3012311386694137]], "t": [1.4698603445432106, -1.0763629829366863, 0.79707692991114]}]