[
  {
    "R": [
      [1.0, 0.0, 0.0],
      [0.0, 1.0, 0.0],
      [0.0, 0.0, 1.0]
    ],
    "t": [0.016509472109287507, -0.2012234718499236, -1.6671229068149365]
  },
  {
    "R": [
      [0.6078881110946824, -0.23584291577441785, 0.7581887386850057],
      [0.22954418316957598, 0.9662963409222444, 0.11653690185213385],
      [-0.7601194066478971, 0.10319641757010066, 0.6415364268986963]
    ],
    "t": [-1.2147050501596692, -0.37143945582125404, -1.1050984459434763]
  },
  {
    "R": [
      [-0.23055978451926817, -0.28884038240617743, 0.9292004193143059],
      [0.2906637923669622, 0.8908857093352558, 0.34905187681643196],
      [-0.9286316522546946, 0.3505622432517103, -0.12144697623672895]
    ],
    "t": [-1.5221634404603497, -0.7420050243644783, 0.05899559909197971]
  },
  {
    "R": [
      [-0.985495256970124, -0.0515596347647774, 0.1616808663766746],
      [0.06382289048433085, 0.7701777001042874, 0.6346281973819754],
      [-0.15724419588529956, 0.6357420186876066, -0.7557157855539293]
    ],
    "t": [-0.27111965494908, -1.2876950764689685, 0.9544245676982674]
  },
  {
    "R": [
      [-0.3419288180841679, 0.2774931755206365, -0.8978208178155802],
      [-0.3140523424471254, 0.866731483266564, 0.38748891870351004],
      [0.8856950996629922, 0.4144563589257802, -0.2092130898843267]
    ],
    "t": [1.4329461755935302, -0.8513998131031026, 0.1760671171982744]
  },
  {
    "R": [
      [0.6034319591887637, 0.236830901538036, -0.7614335129913125],
      [-0.22377029477501298, 0.9668022312497042, 0.12337058331262435],
      [0.7653735857775038, 0.09594044885904215, 0.6363950852000756]
    ],
    "t": [1.2243783003361475, -0.38009635048045465, -1.0472131315516793]
  }
]
