[{"R": [[1.0, 0.0, 0.0], [0.0, 1.0, 0.0], [0.0, 0.0, 1.0]], "t": [0.0, 0.0, 0.0]}, {"R": [[0.5831093130292482, -0.2341055521524417, 0.7779319504365139], [0.23583392625769148, 0.9651231023936505, 0.11366510657161447], [-0.7774097299908458, 0.11718356402437649, 0.6179823007482536]], "t": [-0.9038141237760972, -0.12767508267315822, 0.40843494332298247]}, {"R": [[-0.2648928697352905, -0.27265517873814127, 0.9249275220635803], [0.2929487476523294, 0.8911014412523338, 0.3465822451409546], [-0.9187016919611792, 0.36276352477238555, -0.1561724248463241]], "t": [-1.1246295388558498, -0.409800652464392, 1.3420546278482863]}, {"R": [[-0.9902027821884503, -0.02988740207591807, 0.13640085536170218], [0.06545940705814773, 0.7634892882478925, 0.6424944923953217], [-0.1233430832022915, 0.6451285530248037, -0.7540528057757461]], "t": [-0.4129792758738423, -0.6567797066162141, 1.9997439542083164]}, {"R": [[-0.32752985795806244, 0.29913226073358407, -0.8962388536179333], [-0.3132907982332825, 0.8605146263429758, 0.40170070150817466], [0.8913882812155, 0.41235235956427096, -0.18812884859439866]], "t": [0.4270367164273686, -0.47874358908889086, 1.4872244194254867]}, {"R": [[0.6190668687142032, 0.24859157609718371, -0.7449553277572482], [-0.21552145741970127, 0.9659373668539928, 0.14323234518383318], [0.7551865421550347, 0.07188345851926643, 0.6515566398550716]], "t": [0.17490234037806368, -0.13355186879942138, 0.583194036828849]}]